#ifndef _EGUN_CONSTANTS_H__
#define _EGUN_CONSTANTS_H__
#include "utils.h"

#include <eigen3/Eigen/Core>

namespace Density {
const double Tungsten = 1.93e4;
const double ImprTungsten = 0.8 * Tungsten;
const double Alumina = 1.93e4;
const double Molybdenum = 1.022e4;
}; // namespace Density

namespace SpecificHeat {
const double Alumina = 134.4;
const double Tungsten = 134.4;
const double ImprTungsten = 142;
const double Molybdenum = 251;
}; // namespace SpecificHeat

namespace Conductivity {
const double Alumina = 170;
const double Tungsten = 170;
const double ImprTungsten = 170;
const double Molybdenum = 138;
const double Oil = 100;
}; // namespace Conductivity

namespace Emissivity {
const double Tungsten = 0.5;
const double ImprTungsten = 0.6;
const double Alumina = 0.5;
const double Molybdenum = 0.4;
const double Oil = 1;
}; // namespace Emissivity

namespace def {
const unsigned int n_filamets = 8;
const unsigned int n_lower_shields = 4;
const unsigned int n_upper_shields = 3;
const unsigned int n_em_segments = 3;

const double fil_masses[2] = {
    Density::Tungsten * 1.03e-7,
    Density::Tungsten * 1.10e-7,
};

const double alu_masses[2] = {
    Density::Alumina * 8.190e-7,
    Density::Alumina * 8.758e-7,
};

const double alumina_fialemnt[2] = {
    radiationResistance(Emissivity::Tungsten, 592.36e-6, Emissivity::Alumina,
                        961.3e-6),
    radiationResistance(Emissivity::Tungsten, 644.40e-6, Emissivity::Alumina,
                        1027.9e-6),
};

const double ls_masses[n_lower_shields] = {
    Density::Molybdenum * 568.1971e-9,
    Density::Molybdenum * 568.1971e-9,
    Density::Molybdenum * 568.1971e-9,
    Density::Molybdenum * 568.1971e-9,
};

const double us_masses[n_upper_shields] = {
    Density::Molybdenum * 3089e-9,
    Density::Molybdenum * 3615.5426e-9,
    Density::Molybdenum * 4816.7602e-9,
};

const double ns_mass = Density::Molybdenum * 76004.12e-9;
const double pr_mass = Density::Molybdenum * 73254.25e-9;

const double em_masses[n_em_segments] = {
    Density::ImprTungsten * 1,
    Density::ImprTungsten * 1,
    Density::ImprTungsten * 1,
};

const double oil_nosecone =
    radiationResistance(Emissivity::Molybdenum, 3.8232e-2, Emissivity::Oil, 1);
const double oil_prolongator =
    radiationResistance(Emissivity::Molybdenum, 4.18842e-2, Emissivity::Oil, 1);

namespace InnerCavity {
const unsigned int n_bodies = 10;
const Eigen::Matrix<double, n_bodies, n_bodies> equivalent_resistance{
    {0.174045751184087, 0.0425139158496944, 0.0450113708033040,
     0.0333884087891817, 0.0258981766970341, 0.0201316199707697,
     0.0190442760530565, 0.0135849036048392, 0.241890500192593,
     0.384491076855441},
    {0.0397593818701439, 0.165482216407305, 0.0344382990851972,
     0.0376409826550043, 0.0231434699543808, 0.0196197398299586,
     0.0178641676728452, 0.0156218934751251, 0.371333345108715,
     0.275096503941324},
    {0.0450113708033040, 0.0368241879135980, 0.170932587168068,
     0.0399414821023505, 0.0414218906214380, 0.0320096271488563,
     0.0210670279803507, 0.0184622486771841, 0.277377901292406,
     0.316951676292444},
    {0.0312251287267645, 0.0376409826550043, 0.0373536195767365,
     0.165848902348562, 0.0312834856649730, 0.0375595277426411,
     0.0202979255929835, 0.0200108093224994, 0.433119009892457,
     0.185660608477378},
    {0.0258981766970341, 0.0247468518832613, 0.0414218906214380,
     0.0334508087019454, 0.168494459652097, 0.0386460020334455,
     0.0376888259261108, 0.0302735676074104, 0.316054039705459,
     0.283325377171798},
    {0.0188272651456594, 0.0196197398299586, 0.0299356802095532,
     0.0375595277426411, 0.0361420754097194, 0.165900057360349,
     0.0302376073692470, 0.0377580453695578, 0.471094390632775,
     0.152925610930539},
    {0.0190442760530565, 0.0191017990080594, 0.0210670279803507,
     0.0217041679219732, 0.0376888259261108, 0.0323324718525764,
     0.162410317801890, 0.0356566663164119, 0.422557371111630,
     0.228437076027940},
    {0.0127047193677357, 0.0156218934751251, 0.0172660546709672,
     0.0200108093224994, 0.0283121023085739, 0.0377580453695578,
     0.0333464227878390, 0.164254983990298, 0.549590917792332,
     0.121134050915072},
    {0.00974819834126552, 0.0160015104305127, 0.0111783422463035,
     0.0186639806140179, 0.0127369924124923, 0.0203004171447609,
     0.0170290815922090, 0.0236829924363360, 0.784449170718552,
     0.0862093140635503},
    {0.0396575911182712, 0.0303400729966550, 0.0326913698113786,
     0.0204762922578198, 0.0292230499943009, 0.0168659875069886,
     0.0235617019553760, 0.0133597333826085, 0.220642266811682,
     0.573181934164920}};

}; // namespace InnerCavity

namespace OuterCavity {
const unsigned int n_bodies = 11;
const Eigen::Matrix<double, n_bodies, n_bodies> equivalent_resistance{
    {0.453744385666087, 0.133870001037085, 0.0434303644131262,
     0.0228071838903725, 0.0965645151362735, 0.00720016059642606,
     0.0202028799978223, 0.0232455429271707, 0.0215992671124803,
     0.175990049973654, 0.00134564924950285},
    {0.133870001037085, 0.473856888445127, 0.139659720566285,
     0.0460506880695217, 0.0767296546853086, 0.00790907667972335,
     0.0227644428274495, 0.0219364397472366, 0.0134670376939027,
     0.0625993624621229, 0.00115668778623831},
    {0.0434303644131262, 0.139659720566285, 0.475568500753491,
     0.137594558406260, 0.0986886079637129, 0.00914718435038030,
     0.0267178821919211, 0.0219047131372847, 0.00969727558262798,
     0.0364567900126837, 0.00113440262222765},
    {0.0228071838903725, 0.0460506880695217, 0.137594558406260,
     0.458428840962934, 0.199739845863578, 0.0126342902205588,
     0.0373713672962797, 0.0231093440327753, 0.00959547795559404,
     0.0512999579370234, 0.00136844536510318},
    {0.0368547745170599, 0.0292846095504980, 0.0376654549424533,
     0.0762326302885277, 0.576072602173074, 0.0160677823488362,
     0.0475657246716800, 0.0269214344905668, 0.0139478275347323,
     0.137634216530654, 0.00175294295191890},
    {0.00331079432542225, 0.00363676974143537, 0.00420607924437999,
     0.00580952824701256, 0.0193584136146465, 0.571991067518442,
     0.254968368530061, 0.0814141813121792, 0.0239659776486520,
     0.00620439215889781, 0.0251344276588707},
    {0.00643482202823395, 0.00725070574998880, 0.00850991625426003,
     0.0119031592292407, 0.0396954910810391, 0.176611728838762,
     0.533856664980853, 0.150192919517468, 0.0390287571084877,
     0.0122715404807697, 0.0142442947308970},
    {0.00915054025383534, 0.00863521560076347, 0.00862272651318261,
     0.00909692595583431, 0.0277670053995063, 0.0696974811228621,
     0.185623623214789, 0.525192051102038, 0.127726628757436,
     0.0135223865266934, 0.0149654155530601},
    {0.0176992993890873, 0.0110354268405145, 0.00794633368352789,
     0.00786291665513569, 0.0299465939954651, 0.0427092742208642,
     0.100410360368874, 0.265883549539898, 0.469862591283124,
     0.0278422214593983, 0.0188014325641111},
    {0.0712891369538824, 0.0253574251752077, 0.0147677274738101,
     0.0207803209763753, 0.146078218302244, 0.00546568330342049,
     0.0156066996013939, 0.0139149466771388, 0.0137632838192289,
     0.672075904003223, 0.000900653714075570},
    {0.00315148999807232, 0.00270894513601461, 0.00265675362213316,
     0.00320487815277599, 0.0107566155756041, 0.128015642727105,
     0.104737391880031, 0.0890360323318645, 0.0537350850640830,
     0.00520722881121479, 0.596789936701101}};
}; // namespace OuterCavity

}; // namespace def
#endif
